07 08 19 20 25 02 11
06 15 16 31 32 08 10
08 11 19 31 32 08 11
02 04 07 16 33 07 11
06 14 16 17 28 07 10
04 06 13 19 35 09 11
09 11 13 22 23 06 07
02 07 15 30 34 05 09
06 07 18 20 22 03 09
06 07 14 21 31 03 10
08 19 28 32 34 03 07
12 19 22 28 32 08 12
11 14 17 19 21 01 05
03 16 21 26 32 03 12
06 16 18 28 29 07 11
08 11 12 19 35 11 12
03 12 20 26 35 02 12
08 14 16 22 24 09 12
03 04 16 19 24 04 05
03 11 15 20 35 07 11
11 12 26 31 35 05 07
03 05 08 24 32 07 08
13 15 21 25 32 09 10
02 08 09 15 20 03 09
05 06 23 28 35 07 10
01 02 09 16 30 01 11
06 08 26 29 34 05 08
02 03 06 26 27 07 08
05 16 18 26 35 03 06
08 09 11 26 34 02 07
07 17 20 23 32 05 11
03 13 22 29 34 02 09
15 25 28 30 35 08 10
05 06 09 11 14 02 04
02 11 12 32 34 10 12
10 26 29 32 33 03 11
08 20 21 25 32 05 07
21 22 24 27 31 07 08
02 28 30 33 35 02 10
06 11 13 30 32 01 03
08 14 16 21 25 03 12
02 06 09 31 32 03 07
04 18 29 31 34 06 09
06 08 22 24 30 01 08
07 11 21 30 32 05 07
02 07 19 24 30 09 12
09 13 23 25 28 04 07
19 22 29 32 35 05 08
01 05 06 19 24 05 11
13 22 24 33 34 01 02
06 08 12 13 15 01 06
19 25 30 31 34 07 09
01 03 11 14	20 02 11
02 08 11 30 33 05 08
03 11 19 29 33 03 12
08 09 14 25 29 04 06
03 17 22 26 28 07 12
07 13 16 25 32 09 11
10 12 13 24 25 11 12
13 21 25 28 32 02 10
07 10 13 28 31 04 05
02 06 07 08 15 07 10
02 04 17 20 27 01 08
02 16 21 23 27 01 08
05 08 13 26 35 05 09
04 05 18 22 30 05 12
02 24 26 30 34 06 07
04 10 18 27 32 10 12
06 08 16 20 24 07 08
01 13 22 26 31 02 10
07 14 23 25 29 02 11
07 09 10 15 24 04 12
04 06 10 11 25 07 09
05 06 18 28 30 02 07
05 07 08 16 25 03 11
06 11 12 20 35 05 12
07 25 27 34 35 09 11
01 03 29 30 34 04 12
09 10 12 15 23 03 06
02 13 24 27 30 01 06
03 09 27 30 31 11 12
11 15 24 27 30 01 10
09 21 23 25 33 03 10
07 11 15 26 28 08 10
02 09 18 23 27 03 05
05 06 23 25 28 06 09
05 08 09 11 15 06 08
04 08 17 26 30 03 11
02 05 09 22 27 10 11
02 04 12 31 32 07 11
08 16 24 25 34 08 12
03 08 18 22 24 01 09
01 02 09 23 25 02 06
07 16 17 18 28 02 03
02 07 08 17 25 01 03
05 06 13 23 26 01 06
01 05 11 15 33 01 10
04 09 17 22 25 01 05
02 03 24 30 32 01 06
02 04 12 27 35 06 07
01 03 10 20 29 06 11
04 13 15 20 22 04 08
05 06 14 21 22 02 09
11 14 21 26 27 02 07
18 19 24 27 34 11 12
06 07 26 29 30 03 12
15 19 22 26 28 02 07
04 05 06 26 27 07 12
04 12 22 28 30 09 11
01 21 23 28 35 07 09
10 20 29 30 35 06 09
03 04 08 15 21 04 07
10 13 14 27 33 07 08
07 12 14 29 35 01 11
05 06 14 24 25 02 04
05 15 25 26 29 04 12
01 13 14 22 35 02 05
05 13 16 27 33 07 12
05 06 08 15 20 07 08 
01 11 15 17 33 03 11
09 10 27 31 32 01 03
03 16 23 27 32 03 06
01 02 14 30 31 06 09
02 27 30 34 35 09 12
02 06 08 10 17 05 06
05 07 15 18 23 05 10
10 17 23 34 35 01 04
10 19 21 23 35 04 10
02 03 08 09 20 04 10
04 05 08 22 35 01 03
03 07 14 16 19 01 11
02 04 11 25 30 06 12
02 20 28 29 30 07 10
04 15 17 19 25 06 12
04 15 16 20 21 04 05
11 22 26 30 33 03 05
01 09 16 25 29 04 09
02 05 15 17 26 02 08
09 12 15 21 32 02 07
01 07 20 22 31 07 12
17 19 20 23 27 03 08
11 21 24 27 28 05 10
13 15 22 31 33 05 12
04 11 18 20 26 06 12
06 12 16 19 31 06 10
02 13 16 18 23 03 06
05 09 24 29 35 05 12
04 07 13 26 28 07 11
07 09 19 28 29 08 10
16 17 21 28 32 04 07
01 08 09 21 22 01 04
03 05 13 19 25 02 05
08 12 16 21 32 01 12
01 05 14 20 30 02 04
02 04 06 07 08 03 06
10 19 20 23 31 03 07
07 18 25 27 33 04 05
01 03 06 11 13 03 11
05 13 22 28 29 05 11
16 19 24 27 33 01 06
05 08 22 25 35 02 07
03 04 07 12 19 02 05