04 09 11 13 17 07 08:1 2 2 1 1 0
01 12 21 22 31 02 09:0 2 3 0 1 1
05 06 17 30 32 02 08:3 1 1 0 1 1
01 12 15 16 18 03 10:1 1 3 1 1 0
16 24 26 28 31 01 06:2 3 0 0 0 2
07 08 19 20 25 02 11:3 1 1 1 0 1
06 15 16 31 32 08 10:2 2 1 0 2 0
08 11 19 31 32 08 11:3 0 2 1 1 0
02 04 07 16 33 07 11:1 2 2 2 0 0
04 06 13 19 35 09 11:1 2 2 1 1 0
09 11 13 22 23 06 07:3 1 1 1 0 1
02 07 15 30 34 05 09:3 2 0 0 1 1
06 07 18 20 22 03 09:2 1 2 1 0 1
06 07 14 21 31 03 10:1 2 2 1 0 1
08 19 28 32 34 03 07:3 1 1 1 1 0
12 19 22 28 32 08 12:2 1 2 1 0 1
11 14 17 19 21 01 05:1 1 3 0 0 2
03 16 21 26 32 03 12:1 3 1 1 0 1
06 16 18 28 29 07 11:1 2 2 2 0 0
08 11 12 19 35 11 12:2 1 2 2 0 0
03 12 20 26 35 02 12:1 2 2 1 1 0
08 14 16 22 24 09 12:3 0 2 1 1 0
03 04 16 19 24 04 05:1 2 2 0 0 2
03 11 15 20 35 07 11:2 2 1 2 0 0
11 12 26 31 35 05 07:1 2 2 1 0 1
03 05 08 24 32 07 08:3 2 0 1 1 0
